df <-
structure(list(`0` = c(0, 0, 0, 0, 0, 0, 0, 0, 0, 0, 0, 0, 0, 
0, 0, 0, 0, 0, 0, 0, 0, 0, 0, 0, 0, 0, 0, 0.21, 0, 0, 0.12, 0, 
0.09, 0, 0, 0.13, 0.05, 0.05, 0.05, 0.03), `1` = c(54.96, 46.15, 
45, 53.57, 50, 53.62, 27.59, 48.68, 40.85, 40, 33.73, 35.58, 
28.68, 21.35, 31.33, 23.67, 18.18, 18.09, 20.1, 14.5, 13.69, 
16.17, 12.99, 14.29, 9.97, 11.07, 13.49, 8, 12.67, 10.5, 8.93, 
10.09, 8.98, 9.2, 9.39, 9.19, 9.89, 10.61, 11.07, 11.86), `2` = c(31.11, 
35.9, 36.67, 32.14, 28.57, 20.29, 36.21, 31.58, 36.62, 38.89, 
33.73, 34.62, 28.68, 38.76, 24, 33.14, 28.57, 30.15, 34.02, 30.5, 
33.2, 27.66, 32.68, 24.9, 23.02, 21.48, 27.19, 27.58, 21.75, 
24.05, 23.55, 21.89, 20.69, 21.23, 19.06, 18.44, 18.89, 18.67, 
21.32, 19.93), `3` = c(10.11, 12.82, 13.33, 10.71, 14.29, 18.84, 
13.79, 14.47, 14.08, 12.22, 19.28, 14.42, 22.79, 25.84, 24, 19.53, 
23.38, 26.63, 22.68, 27, 21.58, 22.98, 25.2, 24.08, 28.52, 25.5, 
24.41, 24.21, 22.09, 27.09, 23.67, 22.32, 25.5, 21.93, 22, 22.97, 
22.2, 21.47, 19.86, 19.59), `4` = c(1.53, 2.56, 5, 1.79, 4.76, 
2.9, 13.79, 5.26, 4.23, 7.78, 10.84, 6.73, 8.09, 8.43, 10.67, 
10.65, 12.34, 11.06, 12.37, 15.5, 17.01, 19.15, 11.81, 13.88, 
18.56, 15.44, 13.49, 16, 17.12, 14.16, 17.63, 17.49, 17.15, 18.24, 
18.71, 16.54, 16.25, 17.51, 16.6, 17.12), `5` = c(0.76, 0, 0, 
1.79, 2.38, 2.9, 5.17, 0, 2.82, 0, 1.2, 2.88, 5.15, 2.81, 6.67, 
7.1, 9.09, 5.03, 5.15, 7, 9.13, 6.38, 8.27, 12.24, 9.97, 14.43, 
8.35, 10.95, 10.45, 11.57, 11.72, 10.62, 10.62, 12.5, 10.65, 
12.6, 11.85, 11.19, 10.98, 8.41), `6` = c(0.19, 0, 0, 0, 0, 0, 
0, 0, 1.41, 0, 0, 1.92, 1.47, 1.69, 0.67, 1.78, 3.9, 3.52, 2.58, 
2, 1.24, 2.55, 2.76, 3.27, 4.47, 6.04, 3.85, 5.68, 5.82, 3.96, 
5.8, 5.04, 5.44, 5.58, 6.59, 7.15, 6.99, 7.04, 7.44, 8.35), `7` = c(0.19, 
2.56, 0, 0, 0, 0, 0, 0, 0, 1.11, 0, 2.88, 4.41, 0, 2, 2.96, 3.25, 
2.51, 0.52, 2, 2.49, 2.55, 1.97, 3.27, 2.41, 2.68, 4.5, 4.21, 
3.08, 3.96, 3.71, 6.01, 5.35, 5.5, 4.77, 5.77, 5.64, 4.58, 4.31, 
3.67), `8` = c(0.38, 0, 0, 0, 0, 1.45, 1.72, 0, 0, 0, 1.2, 0, 
0.74, 0.56, 0, 0.59, 1.3, 1.51, 1.03, 0, 0.41, 0.85, 1.97, 1.22, 
0.69, 0.34, 1.07, 0.84, 1.71, 1.22, 0.93, 1.72, 1.72, 1.65, 2.24, 
1.97, 2.85, 2.07, 2.4, 3.7), `9` = c(0.76, 0, 0, 0, 0, 0, 1.72, 
0, 0, 0, 0, 0.96, 0, 0.56, 0.67, 0.59, 0, 1.51, 1.55, 1.5, 1.24, 
1.7, 2.36, 2.86, 2.41, 3.02, 3.64, 2.32, 5.31, 3.5, 3.94, 4.83, 
4.45, 4.17, 6.59, 5.25, 5.38, 6.8, 5.99, 7.34)), .Names = c("0", 
"1", "2", "3", "4", "5", "6", "7", "8", "9"), row.names = c("1979", 
"1980", "1981", "1982", "1983", "1984", "1985", "1986", "1987", 
"1988", "1989", "1990", "1991", "1992", "1993", "1994", "1995", 
"1996", "1997", "1998", "1999", "2000", "2001", "2002", "2003", 
"2004", "2005", "2006", "2007", "2008", "2009", "2010", "2011", 
"2012", "2013", "2014", "2015", "2016", "2017", "2018"), class = "data.frame")
